$GPRMC,215141.424,V,3654.929,N,08102.499,W,27.9,2.54,210118,,E*4E
$GPRMC,215142.424,V,3654.927,N,08102.500,W,86.8,2.52,210118,,E*4E
$GPRMC,215143.424,V,3654.926,N,08102.501,W,1.9,2.51,210118,,E*72
$GPRMC,215144.424,V,3654.925,N,08102.502,W,64.7,2.43,210118,,E*4B
$GPGSV,2,1,06,03,10,242,89,05,75,247,70,07,37,188,84,14,85,123,30*7F
$GPGSV,2,2,06,08,65,332,47,04,37,353,79*7E
$GPGSV,2,1,06,03,44,037,37,05,12,263,79,07,05,169,87,14,63,118,15*7F
$GPGSV,2,2,06,08,29,223,31,04,66,013,55*7B
$GPGSV,2,1,06,03,17,298,31,05,52,310,19,07,21,267,24,14,12,123,47*74
$GPGSV,2,2,06,08,60,061,36,04,57,350,71*75
